9868554679
9195908562
9125168253
9348263994
9498332880
9110842710
9087532375
9366200565
9521887215
9240335377
9318761963
9436478249
9737290971
9025579694
9844766059
9052219937
9700620041
9408393610
9597678026
9588459141
9681835012
9934795862
9376417196
9990976769
9462693858
9691500154
9414413592
9495870700
9277767310
9040821177
9870527834
9280341010
9516820592
9653725731
9265605866
9501775273
9414228594
9421864138
9063796025
9467829223
9518847665
9418083375
9988763234
9780411051
9829571122
9772334682
9040427192
9380402171
9977369679
9717926429
9376855068
9100433137
9993126042
9541075367
9881322937
9464917345
9762111727
9902534104
9046468277
9682167750
9718590651
9818990524
9607814598
9546059867
9099653443
9923017392
9687546188
9407633808
9122352205
9478254526
9779638608
9426397571
9796262736
9878688302
9632493129
9292421557
9867712007
9634914125
9272470759
9687702658
9668247118
9617073297
9029931737
9510180029
9407187741
9875607660
9430166699
9600687809
9788512302
9514142147
9890599455
9090354093
9638831722
9491038625
9277299613
9983191514
9617981782
9491711983
9743217981
9978283886
9292361225
9718485096
9914820057
9560574833
9200044601
9146397948
9582104829
9601055909
9261746274
9339269766
9220963743
9934791571
9325831106
9424783324
9654165370
9306683138
9290979691
9749207392
9269589996
9917685587
9814461396
9964476715
9300249812
9551043357
9032846999
9038739010
9918276872
9032203493
9433522738
9600759841
9771524383
9990971691
9891687590
9872395492
9793443945
9579820984
9789899891
9130625945
9227552869
9353640268
9972450908
9425632779
9569842468
9221583473
9412356095
9689960141
9001227675
9357530453
9295296086
9858701554
9976905838
9721577522
9133822533
9561713737
9256619282
9464740769
9161351743
9380256298
9096029293
9404991922
9808134802
9388164841
9905478053
9281225685
9696928832
9676964360
9105980732
9116747666
9418380351
9199353092
9840805841
